"","WhiteAlone","BlackOrAfricanAmericanAlone","AmericanIndianAndAlaskaNativeAlone","AsianAlone","NativeHawaiianAndOtherPacificIslanderAlone","SomeOtherRaceAlone","TwoOrMoreRaces","Id2"
"1",94.62,0.78,0.02,0,0,4.2,0.38,601
"2",63.56,3.5,0.07,0.17,0,3.07,29.63,602
"3",77.52,3.3,0.03,0.83,0,3.06,15.25,603
"4",95.34,1.12,0,0,0,2.22,1.32,606
"5",74,2.91,0,0.07,0,16.7,6.31,610
"6",83.22,4.6,0.24,1.21,0,7.14,3.58,612
"7",91.18,2.32,0.21,0,0,3.95,2.35,616
"8",96.09,1.22,0.11,0.13,0,1.08,1.37,617
"9",95.67,1.31,0,0,0,2.61,0.41,622
"10",95.79,2.76,0.04,0.04,0,0.54,0.83,623
"11",88,2.92,0.22,0,0,7.24,1.62,624
"12",92.71,1.57,0.07,0.14,0,3.85,1.68,627
"13",90.9,0,0,0,0,9.1,0,631
"14",92.6,2.71,0.33,0,0,2.62,1.75,637
"15",96.63,0.94,0,0,0,1.5,0.93,638
"16",89.11,2.36,0.08,0.59,0,6.34,1.52,641
"17",71.8,14.83,0.02,0.09,0,2.13,11.13,646
"18",92.89,3.55,0.12,0,0,2.29,1.15,647
"19",95.98,1.32,0,0.17,0,1.99,0.54,650
"20",92.6,2.83,0,0.49,0,3.93,0.14,652
"21",90.25,3.16,0.22,0,0,3.72,2.64,653
"22",91.73,2.65,0.17,0,0,3.95,1.51,656
"23",94.47,0.97,0,0.35,0,1.69,2.52,659
"24",51.99,3.25,0,0.34,0,14.27,30.15,660
"25",66.1,5.64,0.76,0.05,0,23.64,3.82,662
"26",82.83,3.33,0.75,0.12,0,3.42,9.56,664
"27",94.77,2.18,0.12,0,0,0.82,2.11,667
"28",95.55,0.86,0,0.07,0,2.77,0.75,669
"29",96.49,1.76,0.24,0,0,1.16,0.35,670
"30",86.74,3.79,0.03,0.04,0,8.13,1.26,674
"31",83.39,1.83,0.01,0,0.05,8.58,6.14,676
"32",62.07,4.07,0.13,0.14,0,1.56,32.04,677
"33",74.3,3.59,0.32,0.14,0,19.83,1.82,678
"34",60.87,3.48,0.12,0.06,0,18.86,16.61,680
"35",51.6,4.25,0,0.15,0,25.17,18.83,682
"36",94.83,2.61,0.08,0,0,1.4,1.09,683
"37",91.61,1.47,0,0.06,0,5.82,1.05,685
"38",82.37,2.15,0,0,0,1.62,13.86,687
"39",90.85,2.48,0.14,0.18,0,5.12,1.23,688
"40",63.18,3.3,0,0.08,0,4.78,28.66,690
"41",78.78,9.8,0.06,0.03,0,3.31,8.02,692
"42",92.6,3.02,0.34,0.11,0,2.61,1.32,693
"43",92.99,0,0,0,0,7.01,0,694
"44",91.36,2.56,0.38,0.15,0,2.56,3,698
"45",80.72,3.16,0,0,0,1.57,14.55,703
"46",55.4,5.12,0,0,0,24.63,14.85,704
"47",81.13,7.25,0.07,0.13,0,10.66,0.76,705
"48",42.75,24.39,0.31,0,0,5.72,26.83,707
"49",48.74,24.02,0,0,0,8.21,19.03,714
"50",49.46,17.64,0.21,0,0,8.51,24.19,715
"51",68.87,6.04,0,0.16,0,4.85,20.07,716
"52",68.01,5.16,0.13,0.53,0,6.74,19.44,717
"53",69.6,3.71,0,0.94,0,23.13,2.63,718
"54",38.72,2.78,0.03,0.03,0,3.26,55.18,719
"55",77.02,3.25,0,0,0,4.16,15.58,720
"56",58.32,12.74,0.83,0,0.05,11.15,16.91,723
"57",73.94,7.56,0.17,0.47,0,10.07,7.8,725
"58",78.64,5.55,0.11,0.11,0,9.13,6.47,727
"59",82.54,3.5,0.23,0.02,0,9.16,4.56,728
"60",49.91,15.15,0.1,0.59,0,33.63,0.62,729
"61",70.93,6.39,0.04,0.06,0,5.92,16.65,730
"62",84.37,3,0.21,0,0,6.66,5.75,731
"63",63.09,4.98,0,1.04,0,26.17,4.73,735
"64",73.72,3.29,0.04,0.54,0,21.1,1.31,736
"65",60.04,8.99,0.08,0.5,0,27.68,2.7,738
"66",72.99,3.37,0.14,0.37,0,20.69,2.43,739
"67",49.49,7.16,0,0,0,40.51,2.84,740
"68",52.1,12.26,1.05,0,0,28.9,5.69,741
"69",53.05,12.92,0.11,0.24,0,30.38,3.3,745
"70",54.54,6.47,0,0,0,25.56,13.43,751
"71",78.07,4.78,0,0.22,0,1.53,15.4,754
"72",56.82,6.56,0,0,0,30.87,5.74,757
"73",47.34,11.96,0.65,0.14,0,32.67,7.23,765
"74",68.04,2.56,0.27,0.04,0,12.43,16.65,766
"75",65.77,9.14,0.16,0.07,0,10.42,14.44,767
"76",67.26,6.37,0,0,0,24.82,1.56,769
"77",66.19,4.71,0.33,0.31,0,5.11,23.34,771
"78",15.4,39.48,0.25,0.33,0,42.87,1.67,772
"79",54.53,9.63,0.23,0.72,0,31.95,2.95,773
"80",58.39,5.41,0,0,0,28.55,7.65,775
"81",83.47,3.9,0.02,0,0.04,10.57,2,777
"82",59.25,10.05,0.12,0.29,0,11,19.29,778
"83",68.44,3.05,0,0,0,8.38,20.14,780
"84",61.2,2.32,0,0.01,0,3.13,33.34,782
"85",39.9,0.67,0.02,0,0,2.11,57.31,783
"86",67.43,12.27,0.45,0,0,10.98,8.87,784
"87",95.22,0,0,0,0,4.78,0,786
"88",60.91,5.7,0.23,0.71,0,24.57,7.88,791
"89",36.92,2.84,0.08,0,0,1.49,58.66,794
"90",61.23,8.37,0.16,0.46,0,4.52,25.26,795
"91",67.15,15.24,0.31,0.33,0,7.01,9.96,901
"92",100,0,0,0,0,0,0,906
"93",72,14.42,0.63,0.26,0,2.98,9.71,907
"94",55.33,21.27,0.9,0.46,0,5.77,16.28,909
"95",70.76,15.12,0.14,0.03,0,3.3,10.65,911
"96",51.87,26.45,0.64,0.75,0,3.29,17,912
"97",58.09,28.49,0.13,0,0,4.92,8.37,913
"98",47.52,29.98,1.07,0.26,0,7.71,13.46,915
"99",66.38,13.53,1.67,0.36,0,6.26,11.8,917
"100",78.13,5.44,0.2,0.14,0,4.43,11.66,918
"101",66.45,20.64,1.36,0.09,0,3.92,7.54,920
"102",63.65,28.87,0.29,0.28,0,3.77,3.14,921
"103",59.45,18.71,0.24,2.25,0,13.81,5.54,923
"104",59.07,18.02,0.33,2.74,0,13.54,6.3,924
"105",50.18,17.43,0.44,7.18,0,15.12,9.64,925
"106",67.3,7.72,0.17,0.73,0,4,20.09,926
"107",85.2,8.19,0,0.1,0,3.86,2.65,927
"108",55.51,17.55,0,0,0,26.94,0,934
"109",54.74,11.29,0,5.04,0,15.2,13.73,936
"110",56.62,10.18,0.26,0.09,0.01,2.42,30.42,949
"111",NA,NA,NA,NA,NA,NA,NA,950
"112",43.75,56.25,0,0,0,0,0,951
"113",23.46,10.31,0,0,0,4.13,62.1,952
"114",58.09,6.97,0.17,0.02,0,7.59,27.17,953
"115",61.99,7.95,0.61,0.25,0,12.55,16.65,956
"116",61.85,8.14,0.73,0.46,0.01,8.96,19.84,957
"117",61.87,7.82,1.16,0.17,0,5.15,23.83,959
"118",46.06,7.69,0.94,0.53,0,10.96,33.82,960
"119",55.2,7.66,0.73,0.59,0,4.16,31.66,961
"120",64.87,9.67,0.5,0.08,0,20.27,4.6,962
"121",59.82,12.82,0.56,0.06,0,19.15,7.6,965
"122",82.9,3.52,0.23,0.2,0,8.75,4.4,966
"123",93.8,1.81,0,0,0,3.34,1.05,968
"124",82.9,4.54,0.47,0.17,0,7.11,4.81,969
"125",67.99,6.03,0.23,0,0,20.83,4.91,971
"126",61.78,8.3,0.08,0.12,0,2.6,27.12,976
"127",79.01,10.75,0.81,2.38,0,2.89,4.17,979
"128",62.17,22.34,1.37,1.28,0,7.79,5.06,982
"129",59.35,20.75,2.38,1.01,0,10.54,5.97,983
"130",56.94,22.85,0.67,0.5,0,15.42,3.6,985
"131",60.87,17.74,1.89,0.39,0,14.1,5,987
"132",92.26,1.18,0.14,2.7,0.16,2.55,1.01,1001
"133",80.7,4.47,0.43,10.84,0,0.5,3.06,1002
"134",81.06,6.09,0,11.09,0.14,0.66,0.95,1003
"135",97.67,0.34,0.11,1.89,0,0,0,1005
"136",93.23,1.77,0,2.33,0,0.46,2.21,1007
"137",98.86,0,0,0.87,0,0.26,0,1008
"138",95.53,0,0,0,0,0,4.47,1009
"139",100,0,0,0,0,0,0,1010
"140",96.39,1.13,0,0.78,0,0.5,1.2,1011
"141",99.31,0,0,0,0,0,0.69,1012
"142",82.59,4.09,0.14,1.68,0,9.6,1.9,1013
"143",88.72,2.41,0.06,1.41,0,4.71,2.68,1020
"144",79.46,11.35,0,0.68,0,2,6.51,1022
"145",97.26,0.85,0.38,0,0,0,1.51,1026
"146",91.41,1.03,0,4.28,0,1.22,2.06,1027
"147",93.84,3.47,0,1.59,0,0.36,0.75,1028
"148",93.29,0,0,6.38,0,0,0.34,1029
"149",94.39,2.33,1.27,1.17,0,0.4,0.43,1030
"150",91.04,0,1.15,0.74,0,0,7.08,1031
"151",97.89,0,0,1.05,0,0,1.05,1032
"152",99.22,0,0,0,0,0.23,0.55,1033
"153",97.93,0.23,0.78,0.32,0,0,0.74,1034
"154",94.98,2.78,0,1.35,0,0.44,0.46,1035
"155",97.8,0.64,0,0,0,0,1.56,1036
"156",94.07,0,0,0,0,5.93,0,1037
"157",98.55,0.32,0,0,0,0,1.13,1038
"158",98.85,0,0,0.45,0,0,0.7,1039
"159",82.33,4.19,0.3,0.9,0,10.46,1.81,1040
"160",94.47,0.78,0,0.43,0,0.43,3.89,1050
"161",88,5.19,0,1.99,0,0.89,3.93,1053
"162",92.38,3.58,0,1.36,0,0.17,2.5,1054
"163",95.08,1.32,0.13,0.53,0.12,1.31,1.52,1056
"164",96.53,0.46,0,0.33,0,0.41,2.26,1057
"165",82.33,4.36,0.25,9.04,0.05,2.24,1.72,1060
"166",90.87,1.84,0,3.65,0,1.15,2.49,1062
"167",73.91,8.7,0,11.65,0,0.62,5.12,1063
"168",NA,NA,NA,NA,NA,NA,NA,1066
"169",99.51,0,0.11,0,0,0,0.38,1068
"170",99.1,0.46,0,0,0,0,0.45,1069
"171",93.96,1.04,0.35,2.25,0,0.17,2.25,1070
"172",96.15,0.29,0,0.29,0,0,3.28,1071
"173",92.08,1.02,0.27,1.02,0,0,5.6,1072
"174",97.62,0.58,0,0,0,0.22,1.58,1073
"175",100,0,0,0,0,0,0,1074
"176",92.47,2.62,0.1,2.79,0.07,0.56,1.4,1075
"177",95.84,0.06,0,1.76,0,0.65,1.69,1077
"178",96.77,0,0,0,0,0,3.23,1079
"179",95.28,1.54,0,0.4,0,0,2.78,1080
"180",97.18,0.47,0.59,0,0,0.18,1.59,1081
"181",98.14,0.14,0.16,0.08,0.18,0.17,1.12,1082
"182",98.41,0,0,0,0,0.96,0.64,1083
"183",100,0,0,0,0,0,0,1084
"184",90.66,1.5,0.07,2.41,0.12,3.72,1.53,1085
"185",92.78,5.82,0,0.98,0,0.41,0,1086
"186",93.57,6.43,0,0,0,0,0,1088
"187",86.43,3.9,0.76,4.11,0,3.21,1.59,1089
"188",99.91,0.09,0,0,0,0,0,1092
"189",98.94,0,0,0,0,0,1.06,1093
"190",100,0,0,0,0,0,0,1094
"191",95.68,1.75,0.01,1.51,0,0.22,0.83,1095
"192",97.78,0.62,0,0.18,0,0,1.42,1096
"193",100,0,0,0,0,0,0,1097
"194",96.58,0.74,0,1.02,0.19,0.56,0.93,1098
"195",57.47,15.18,0.39,2.31,0,22.5,2.15,1103
"196",56.85,12.58,0.08,0.68,0,25.26,4.56,1104
"197",30.83,22.27,0.93,0,0.03,41.75,4.19,1105
"198",90.72,0.84,0,7.04,0,0.63,0.77,1106
"199",45.04,12.41,1.1,0.6,0,36.39,4.45,1107
"200",52.99,20.54,1.61,5.06,0,16.42,3.39,1108
"201",32.57,39.39,0.24,1.27,0,20.54,5.98,1109
"202",79.51,13.19,0,3.53,0,1.58,2.19,1118
"203",64.28,24.5,1.12,1.42,0,6.32,2.36,1119
"204",82.66,11.63,0,0,0,4.01,1.7,1128
"205",69.87,17.19,0,4.32,0,4.97,3.65,1129
"206",64.1,14.93,0.19,4.07,0.11,13.55,3.04,1151
"207",NA,NA,NA,NA,NA,NA,NA,1199
"208",89.36,5.22,0.15,1.14,0.02,0.99,3.12,1201
"209",97.36,0.47,0.31,0,0,0.42,1.44,1220
"210",96.15,0,0,1.12,0,0,2.73,1222
"211",96.21,0.34,0.13,1.66,0,0.3,1.36,1223
"212",64.6,0,0,35.4,0,0,0,1224
"213",99.15,0.56,0,0,0,0.29,0,1225
"214",99.17,0.46,0.19,0,0,0.07,0.11,1226
"215",100,0,0,0,0,0,0,1229
"216",87.13,2.76,0,1.94,0,3.61,4.56,1230
"217",96.9,0.79,0.56,0.4,0,0.2,1.15,1235
"218",90.74,1.35,0.74,1.35,0,0,5.82,1236
"219",99.36,0.28,0,0.2,0,0,0.16,1237
"220",96.58,0.15,0,1.06,0,2.15,0.06,1238
"221",94.67,0.93,0.21,2.82,0,0,1.37,1240
"222",99.35,0,0,0,0,0,0.65,1242
"223",92.75,0,7.25,0,0,0,0,1243
"224",94,0,0,0,0,6,0,1244
"225",95.45,1.65,0,0,0,0,2.89,1245
"226",93.21,2.15,0.57,0.46,0.18,0.21,3.23,1247
"227",97.98,0.54,0,0,0,0,1.48,1253
"228",97.09,0.1,1,0.9,0,0.5,0.4,1254
"229",91.08,0,0.22,3.76,0,0.32,4.62,1255
"230",93.93,2.52,0,0,0,0,3.56,1256
"231",95.19,0.5,0,3.25,0,0.69,0.37,1257
"232",98.36,0.99,0.66,0,0,0,0,1258
"233",92.66,0.65,0,1.96,0,0,4.73,1259
"234",100,0,0,0,0,0,0,1260
"235",89.1,2.39,0,3.66,0,1.19,3.66,1262
"236",100,0,0,0,0,0,0,1264
"237",95.46,2.72,0,0,0,0,1.81,1266
"238",90.47,1.99,0.5,4.2,0,1,1.84,1267
"239",98.26,0,0,0,0,0.37,1.36,1270
"240",92.9,1.24,0.07,1.88,0.04,1.13,2.75,1301
"241",95.39,0.32,0,0.26,0,0,4.03,1330
"242",94.94,0.28,0.13,0.49,0,2.73,1.43,1331
"243",96.9,0.31,0,1.26,0,0.31,1.23,1337
"244",100,0,0,0,0,0,0,1338
"245",97.93,0.5,0.19,0.06,0,0,1.31,1339
"246",93.11,0.34,0.67,3.03,0,0,2.86,1340
"247",94.89,0.62,0,0.75,0,0.25,3.49,1341
"248",84.06,0.13,0,4.18,0,0.27,11.35,1342
"249",100,0,0,0,0,0,0,1343
"250",95.81,0.13,0,0.2,0,0.79,3.08,1344
"251",96.21,0,0,0,0,2.23,1.56,1346
"252",94.62,0,0,0,0,0,5.38,1347
"253",94.31,0,1.3,1.18,0,0,3.2,1349
"254",98.29,0,0,0,0,0,1.71,1350
"255",87.79,2.35,0,2.49,0,0,7.37,1351
"256",95.17,0,0,0,0,3.39,1.44,1354
"257",97.88,1.92,0,0,0,0,0.2,1355
"258",97.2,0.07,0,1.48,0,0.3,0.96,1360
"259",96.51,0.69,0.29,1.68,0,0.13,0.7,1364
"260",96.68,0.31,0,1.93,0,0,1.08,1366
"261",95.76,0.51,0,0.17,0,0.51,3.05,1367
"262",97.42,0,1.03,1.12,0,0,0.43,1368
"263",96.91,0.46,0,0.32,0,0.22,2.09,1370
"264",96.87,0.59,0.38,0.95,0,0.07,1.15,1373
"265",90.25,1,0.49,5.74,0,1.87,0.65,1375
"266",94.27,0.85,1.09,0.42,0,1.6,1.78,1376
"267",96.4,0,0,3.13,0,0,0.47,1378
"268",90.6,5.64,0.73,1.25,0,0,1.78,1379
"269",78.8,4.22,0.14,4.23,0,9.82,2.79,1420
"270",95.31,0.98,0,0,0,1.26,2.45,1430
"271",98.59,0.51,0,0.77,0,0,0.13,1431
"272",90.67,3.13,0.06,2.08,0,0.34,3.72,1432
"273",72.39,16.69,1.53,0.76,0,2.35,6.29,1434
"274",98.93,0.18,0,0,0,0.18,0.7,1436
"275",100,0,0,0,0,0,0,1438
"276",90.45,1.92,0.5,1.67,0,3.24,2.23,1440
"277",95.28,1.07,0.19,2.44,0,0.02,1,1450
"278",90.11,3.14,0.36,3.97,0,0.81,1.61,1451
"279",98.41,0,0,0.7,0,0,0.89,1452
"280",81.82,5.49,0.48,2.8,0,6.04,3.37,1453
"281",93.21,0.32,0.09,4.74,0,0.2,1.45,1460
"282",94.51,1.19,0,1.78,0,0.73,1.78,1462
"283",96.88,0.47,0,1.37,0,0.05,1.22,1463
"284",75.36,8.14,0.12,1.6,0,9.21,5.57,1464
"285",99.75,0,0,0.25,0,0,0,1467
"286",98.06,0,0,1.24,0,0,0.7,1468
"287",97.4,0,0.37,1.69,0,0.13,0.41,1469
"288",97.23,0.64,0.31,0.27,0,0.2,1.34,1473
"289",96.24,0,0,3.41,0,0,0.35,1474
"290",91.93,0.96,0.17,3.03,0,0.85,3.05,1475
"291",97.04,1.35,0.04,0.47,0,0.52,0.59,1501
"292",95.67,0.97,0,1.66,0.42,1.14,0.14,1503
"293",93.39,1,0,0.97,0,1.56,3.08,1504
"294",91.87,0.89,0,3.73,0,1.21,2.29,1505
"295",98.17,0,0.15,0.41,0,0,1.27,1506
"296",96.96,0.59,0,0.48,0,1.07,0.89,1507
"297",87.27,2.15,0.58,1.7,0,4.94,3.36,1510
"298",94.9,0.98,1.24,0.31,0,0.44,2.13,1515
"299",98.48,0.45,0,0.21,0,0,0.85,1516
"300",95.5,0.15,0,0,0,0,4.35,1518
"301",95.01,0.49,0,2.92,0,0,1.58,1519
"302",94.7,0.47,0.06,4.02,0.13,0.34,0.28,1520
"303",96.56,1.88,0,0.25,0,0,1.31,1521
"304",96.6,1.78,0.73,0,0,0,0.89,1522
"305",86.77,6.25,0.56,0.59,0,3.75,2.08,1523
"306",96.83,0.76,0,2.23,0,0,0.17,1524
"307",100,0,0,0,0,0,0,1525
"308",95.78,1.3,0,0.92,0,0.61,1.39,1527
"309",94.4,1.78,0,0.66,0,0.63,2.53,1529
"310",98.86,0.76,0,0.19,0,0.19,0,1531
"311",86.32,1.69,0,8.73,0,0.95,2.31,1532
"312",97.66,0.7,0,1.13,0,0.02,0.49,1534
"313",94.86,1.42,0,0.3,0,0.28,3.14,1535
"314",86.08,1.66,0,6.05,0.21,0.67,5.33,1536
"315",90.89,0,0,1.59,0,0.73,6.79,1537
"316",96.31,0.52,0.37,0.13,0,0.13,2.55,1540
"317",93.81,0.41,0,1.84,0,3.1,0.85,1541
"318",94.56,0.73,1.23,0.95,0,1.4,1.12,1542
"319",95.01,1.6,0,2.22,0,0.41,0.77,1543
"320",78.06,2.2,0.07,15.87,0,1.18,2.62,1545
"321",78.5,1.84,0.04,3.06,0,12.82,3.75,1550
"322",71.07,3.07,0,23.11,0,0.51,2.25,1560
"323",65.52,23.56,0,5.17,0,0,5.75,1561
"324",94.6,0.71,0.6,0.33,0,1.74,2.03,1562
"325",96.61,1.05,0.18,1.35,0,0.32,0.5,1564
"326",97.42,0.38,0.27,1.63,0,0.3,0,1566
"327",94.62,0.2,0,0.98,0.5,0.01,3.69,1568
"328",97.59,0.36,0,1.01,0,0.4,0.64,1569
"329",88.38,3.61,0,2.05,0,2.46,3.5,1570
"330",93.5,2.4,0.15,0.62,0.17,0.08,3.08,1571
"331",74.14,2.39,0.21,18.12,0,1.56,3.58,1581
"332",91.01,5.08,0.12,0.47,0,2.12,1.21,1583
"333",94.08,2.5,0,2.45,0,0,0.97,1585
"334",94.85,0.28,0,0.79,0,1.39,2.69,1588
"335",98.98,0.02,0,1,0,0,0,1590
"336",79.37,11.17,0.05,4.92,0,1.81,2.67,1602
"337",76.55,8.52,0.44,9.48,0.13,2.83,2.05,1603
"338",75.8,11.71,0.2,7.41,0.11,2.57,2.2,1604
"339",65.54,15.43,0.23,5.59,0,5.61,7.6,1605
"340",80.52,14.21,0.05,2.92,0,0.86,1.45,1606
"341",72.52,15.22,0.94,4.88,0,3.95,2.49,1607
"342",57.73,15.15,0.9,1.43,0,2.53,22.26,1608
"343",77.35,10.76,0.4,5.26,0.22,1.97,4.04,1609
"344",66.61,12.68,0.05,7.62,0,9.24,3.78,1610
"345",91.46,3.06,0.44,2.38,0,1.57,1.09,1611
"346",87.34,3.73,0,0.56,0,6.14,2.24,1612
"347",82.77,6.45,0.28,6.15,0,2.76,1.59,1701
"348",65.77,10.4,0.08,8.22,0,10.6,4.93,1702
"349",64.14,20.99,0,14.87,0,0,0,1718
"350",81.79,0.44,0,16.82,0,0.26,0.69,1719
"351",76.95,0.96,0.22,19.47,0,0.12,2.27,1720
"352",88.14,2.75,0,6.45,0,1.52,1.13,1721
"353",83.49,1.74,0,11.67,0,1.11,1.99,1730
"354",80.43,11.76,0,2.91,0,0.23,4.66,1731
"355",94.22,0.2,0,3.32,0,0.36,1.89,1740
"356",88.74,1.26,0,6.45,0,0.18,3.38,1741
"357",88.34,3.11,0.07,5.08,0,1.35,2.05,1742
"358",77.38,0,0,22.62,0,0,0,1745
"359",94.91,0.91,0,1.8,0.75,0.31,1.32,1746
"360",95.01,0.15,0,1.59,0,3.26,0,1747
"361",92.82,0.23,0.07,4.75,0,0.46,1.68,1748
"362",91.66,0.74,0.09,2.16,0,0.63,4.7,1749
"363",79.99,2.12,0.08,5.32,0,2.66,9.84,1752
"364",88.29,2.79,0,4.13,0,1.19,3.59,1754
"365",97.42,0.55,0.38,0.91,0,0.21,0.55,1756
"366",86.98,2.32,0.3,2.5,0.03,5.44,2.42,1757
"367",87.97,1.7,0.17,7.54,0,1.15,1.47,1760
"368",92.25,0,0,6.07,0,0.24,1.44,1770
"369",83.1,1.65,0,12.76,0,0.77,1.73,1772
"370",86.23,2.65,0,7.63,0,1.43,2.07,1773
"371",93.17,0.34,0.19,2.91,0,0,3.38,1775
"372",90.57,0.04,0.06,6.63,0,0.21,2.49,1776
"373",85.31,1.03,0.03,12.19,0,0.14,1.3,1778
"374",86.3,4,0.02,6.2,0,1.84,1.64,1801
"375",79.52,3.17,0,15.61,0.06,0.04,1.59,1803
"376",84.69,1.13,0.04,10.94,0.12,1.11,1.98,1810
"377",92.28,1.3,0,4.88,0,0.6,0.94,1821
"378",89.47,0.54,0,8.2,0,0.86,0.93,1824
"379",90.49,2.89,0.06,3.68,0,1.71,1.17,1826
"380",94.35,0,0,2.43,0,0.34,2.89,1827
"381",82.97,1.76,0.39,0.41,0,12.69,1.77,1830
"382",83.26,2.69,0.34,1.18,0,9.89,2.64,1832
"383",96.83,0.25,0.07,0.4,0.07,0.13,2.24,1833
"384",97.32,0.12,0,2.56,0,0,0,1834
"385",87.81,4.52,0.19,2.56,0,3.64,1.27,1835
"386",37.59,6.03,1.14,0.88,0,50.54,3.83,1840
"387",33.69,6.48,0.29,1.64,0,53.98,3.93,1841
"388",42.83,8.25,0.09,6.82,0,39.1,2.91,1843
"389",79.63,3.3,0.14,4.08,0,11.52,1.33,1844
"390",87.65,1.49,0.25,6.36,0,3.04,1.2,1845
"391",70.28,6.75,0,5.7,0.12,11.84,5.3,1850
"392",43.6,8.8,0.44,37.3,0.18,7.77,1.9,1851
"393",64.12,6.77,0.25,12.43,0.18,12.34,3.91,1852
"394",59.53,4.86,0.31,17.93,0.02,13.96,3.38,1854
"395",99.46,0.3,0,0,0,0,0.25,1860
"396",87.84,2.89,0.13,4.39,0,2.31,2.45,1862
"397",84.99,0.64,0,7.94,0,5.94,0.49,1863
"398",93.63,0.68,0,3.89,0,0.19,1.61,1864
"399",93.31,1,0,3.95,0,0.57,1.17,1867
"400",93.14,1.85,0.2,3.12,0,0.22,1.47,1876
"401",92.82,0.57,0,4.95,0,0.21,1.45,1879
"402",94.52,0.44,0.06,3.81,0,0.38,0.78,1880
"403",82.83,0.71,0.06,13.36,0.12,0.9,2.03,1886
"404",92.19,1.09,0,4.3,0,0.15,2.26,1887
"405",84.9,0.93,0.03,11.63,0.12,0.38,2.02,1890
"406",44.78,20.32,0.64,2.42,0,15.67,16.16,1901
"407",52.58,14.11,0.17,8.75,0.15,17.4,6.84,1902
"408",81.21,7.51,0,2.74,0,5.73,2.82,1904
"409",51.93,14.46,0.23,7.13,0.11,21.73,4.41,1905
"410",93.86,1.44,0,2.1,0,1.21,1.39,1906
"411",95.25,0.85,0.13,1.77,0,0.09,1.9,1907
"412",94.93,2.01,0,0.58,0,2.48,0,1908
"413",96.63,0.21,0,1.02,0,0.61,1.52,1913
"414",93.98,1.79,0.09,2,0.04,0.48,1.61,1915
"415",95.06,0,0,3.48,0,0.39,1.07,1921
"416",98.35,0.66,0,0.99,0,0,0,1922
"417",94.68,1.18,0.07,2.52,0,0.95,0.6,1923
"418",96.22,0.25,0,1.38,0,0.54,1.61,1929
"419",96.29,0.72,0.1,0.55,0,0.96,1.38,1930
"420",91.01,0,0,0,0,8.99,0,1937
"421",97.73,0.42,0.13,0.65,0,0.17,0.89,1938
"422",94.15,0.55,0,3.83,0,0.86,0.6,1940
"423",97.34,0,0,0,0,0.96,1.7,1944
"424",97.14,0.91,0.25,0.6,0,0.15,0.96,1945
"425",84.23,3.81,0.12,5.3,0.02,5.06,1.46,1949
"426",96.62,0.73,0.07,0.89,0,0.79,0.89,1950
"427",97.55,1.11,0,0,0,0.27,1.08,1951
"428",96.45,0.56,0,1.68,0,0.3,1.01,1952
"429",88.95,2.35,0.02,2.73,0,4.91,1.05,1960
"430",96.43,1.68,0.16,0.57,0.14,0.54,0.48,1966
"431",98.14,1.42,0,0.44,0,0,0,1969
"432",83.1,6.06,0.26,2.05,0,5.14,3.39,1970
"433",91.49,3.34,0,3.03,0.14,0.36,1.64,1982
"434",93.9,0,0.4,4.27,0.1,0.08,1.26,1983
"435",94.68,1.91,0,1.83,0,0.3,1.27,1984
"436",99.95,0.05,0,0,0,0,0,1985
"437",92.33,1.93,0.1,3.66,0,0.91,1.06,2019
"438",87.54,5.6,0,4.1,0,0.57,2.19,2021
"439",98.36,0.2,0,0,0,0.18,1.26,2025
"440",87.06,5.6,0.03,3.22,0,2.35,1.74,2026
"441",88.94,1.32,0.16,7.38,0,0.39,1.81,2030
"442",89.75,0,0,9.78,0,0.46,0,2032
"443",93.45,1.88,0.04,3.84,0,0.38,0.41,2035
"444",93.52,0.92,0.1,4.22,0,0.28,0.96,2038
"445",96.32,0.43,0.07,1.7,0,0.39,1.1,2043
"446",94.17,0.84,1.1,1.06,0,1.3,1.54,2045
"447",100,0,0,0,0,0,0,2047
"448",90.79,2.21,0.04,4.19,0,0.82,1.95,2048
"449",96.72,0.22,0,0.96,0,0.7,1.4,2050
"450",91.36,0.22,0.16,2.9,0,3.47,1.89,2052
"451",92.71,0.44,0,4.32,0,0.12,2.41,2053
"452",95.33,0.06,0,3.21,0,0.4,0.99,2054
"453",88.54,6.24,0.14,0.89,0,3,1.2,2056
"454",97.39,0.1,0,1.12,0,0,1.39,2061
"455",83.69,4.09,0.02,5.84,0.02,5.26,1.07,2062
"456",96.26,0.36,0.32,0.61,0,0.82,1.64,2066
"457",77.06,5.28,0.09,15.01,0,0.31,2.25,2067
"458",83.22,7.85,0.34,0.4,0,6.78,1.41,2071
"459",82.11,12.61,0.06,2.16,0,1.34,1.72,2072
"460",94.25,1.65,0,2.46,0,0.08,1.56,2081
"461",91.82,0.39,0,6.2,0,0,1.59,2090
"462",98.52,0.33,0,0.36,0,0,0.8,2093
"463",86.8,5.42,0.71,4.75,0,2.04,0.27,2108
"464",89.84,2.33,0,4.03,0,2.64,1.16,2109
"465",88.3,2.8,0,4.39,0,2.63,1.88,2110
"466",45.53,3.33,0.36,44.09,0,3.15,3.54,2111
"467",92.69,0.77,0,4.57,0,0.37,1.59,2113
"468",78.95,5,0.23,12.96,0.05,1.3,1.5,2114
"469",69.32,8.68,0.18,14.92,0,3.84,3.06,2115
"470",76.69,6.75,0.02,13.73,0.07,1.36,1.38,2116
"471",50.96,18.04,0.25,16.21,0,11.29,3.25,2118
"472",15.57,61.2,0.33,2.09,0,16.06,4.75,2119
"473",48.63,23.79,0.27,12.3,0,10.78,4.24,2120
"474",8.96,69.1,1.13,1.22,0.07,17.44,2.09,2121
"475",35.04,32.62,0.29,15.87,0,12.84,3.34,2122
"476",20.85,62.45,0.63,7.54,0,5.18,3.35,2124
"477",35.35,25.64,0.48,13.87,0,20.89,3.78,2125
"478",8.96,84.87,0,0.28,0.59,2.63,2.67,2126
"479",81.93,6.08,0.11,4.88,0,5.13,1.88,2127
"480",63.4,4.63,1.03,3.7,0.11,4.85,22.28,2128
"481",75.2,10.99,0,8.4,0,3.4,2.01,2129
"482",65.57,14.38,0.1,5.6,0,9.92,4.43,2130
"483",56.22,24.66,1.45,3.51,0,8.94,5.21,2131
"484",84.27,4.19,0,6.5,0,2.37,2.67,2132
"485",69.17,7.93,0.06,13.45,0,5.48,3.92,2134
"486",77.67,4.04,0.09,14.65,0,1.38,2.17,2135
"487",36.82,45.65,0.2,2.16,0,11.01,4.14,2136
"488",74.45,6.08,0.15,12.72,0.03,2.24,4.34,2138
"489",64.89,13.35,0.38,14.07,0.1,2.3,4.92,2139
"490",64.94,19.56,0.29,9.5,0,1.94,3.78,2140
"491",60.57,13,0.19,19.13,0.11,3.12,3.87,2141
"492",58.77,3,0.04,33.23,0,1.52,3.45,2142
"493",77.75,2.7,0.17,12.35,0,4.67,2.38,2143
"494",82.58,6.2,0.01,7.1,0,1.54,2.57,2144
"495",70.68,12.67,0.59,8.46,0,4.54,3.06,2145
"496",55.52,14.27,0.25,23.44,0,2.34,4.19,2148
"497",68.7,14.72,0.19,3.52,0,7.18,5.69,2149
"498",48.66,6.32,0.19,3.24,0,9.28,32.31,2150
"499",74.36,4.45,0.4,6.53,0,9.22,5.04,2151
"500",93.27,1.84,0.06,0.92,0.13,0.94,2.85,2152
"501",80.96,7.6,0.19,7.5,0.06,0.66,3.03,2155
"502",62.62,11.38,0,20.9,0,1.57,3.52,2163
"503",71.57,7.05,0.12,17.99,0,1.23,2.04,2169
"504",65.52,1.95,0.02,29.29,0,0.28,2.93,2170
"505",63.07,3.62,0.44,30.32,0,0.63,1.93,2171
"506",92.28,3.09,0.01,3.38,0,0.1,1.15,2176
"507",92.75,0.89,0.16,3.24,0,1.42,1.54,2180
"508",85.96,3.79,0.04,7.85,0,1.11,1.25,2184
"509",78.05,13.57,0.04,5.9,0,0.59,1.86,2186
"510",84.3,6.54,0,7.96,0,0.25,0.96,2188
"511",84.53,6.04,0.14,4.44,0,0.81,4.02,2189
"512",90.78,2.08,0.35,4.31,0,1.29,1.18,2190
"513",94.52,0.25,0,4.77,0,0.38,0.08,2191
"514",89.79,0.86,0,9.35,0,0,0,2199
"515",NA,NA,NA,NA,NA,NA,NA,2203
"516",94.93,0.63,0.32,1.53,0,0,2.59,2210
"517",73.53,3.6,0.09,17.84,0.04,2.31,2.59,2215
"518",43.6,42.47,0.24,2.57,0.02,7.59,3.51,2301
"519",56.27,31.17,0.27,1.37,0,6.16,4.77,2302
"520",84.14,10.64,0.39,1.82,0,1,2.02,2322
"521",89.35,6.05,0.1,0.74,0,1.14,2.62,2324
"522",95.5,1.59,0,0.41,0,1.46,1.04,2330
"523",97.35,0.85,0.03,0.86,0,0.2,0.71,2332
"524",95.9,0.28,0.2,2.14,0,0.62,0.86,2333
"525",97.46,0,0,0,0,0.7,1.84,2338
"526",96.41,0.49,0,1.38,0.14,0.16,1.41,2339
"527",95.5,1.78,0.18,0.59,0,0.18,1.79,2341
"528",86.66,8.88,0.18,1.99,0,0.67,1.63,2343
"529",94.72,2.03,0.3,1.22,0.04,0.55,1.15,2346
"530",97.42,1.21,0,0.09,0,0.48,0.8,2347
"531",92.82,3.61,0.18,2.12,0,0.55,0.71,2351
"532",94.02,2.72,0,1.42,0,0.49,1.35,2356
"533",82.79,7.4,0,3.55,0,0,6.26,2357
"534",95.87,0.87,0.15,0.35,0,0.61,2.15,2359
"535",94.33,1.98,0.28,0.65,0.02,1.28,1.46,2360
"536",94.68,0.17,0.2,2.4,0,0.32,2.23,2364
"537",51.68,24.83,0,0,0,12.75,10.74,2366
"538",97.04,0,0,0.42,0,0.46,2.08,2367
"539",37.28,43.9,0.12,14.45,0,2.58,1.67,2368
"540",93.68,3.19,0.07,1.39,0,0.26,1.41,2370
"541",87.96,5.24,0,2.57,0,1.93,2.3,2375
"542",90.36,4.79,0.16,1.14,0,0.25,3.31,2379
"543",94.87,1.01,0,1.25,0,1.33,1.54,2382
"544",73.13,0.82,0.09,23.3,0,0.01,2.64,2420
"545",73.32,1.16,0.25,20.89,0,0.41,3.96,2421
"546",81.44,2.63,0.06,12.25,0,1.19,2.43,2445
"547",75.87,2.08,0.1,17.36,0,1.62,2.97,2446
"548",80.67,3.56,0.18,8.6,0.35,2.96,3.69,2451
"549",74.66,6.65,0.22,12.67,0.06,2.25,3.5,2452
"550",75.14,6.05,0.01,10.25,0.17,5.92,2.47,2453
"551",70.89,8.94,0,12.66,0,3.2,4.32,2457
"552",79.23,3.74,0,13.82,0,0.44,2.78,2458
"553",82.06,1.7,0.16,12.85,0,0.45,2.77,2459
"554",83.56,3.11,0,10.27,0,0.65,2.41,2460
"555",72.05,3.8,0,18.79,0,0.25,5.11,2461
"556",77.69,1.06,0,18.27,0,0.14,2.83,2462
"557",73.8,2.48,0,17.17,0,3.29,3.26,2464
"558",84.65,4.11,0,8.93,0,0.93,1.38,2465
"559",77.25,2.88,0.12,18.19,0,0.45,1.11,2466
"560",78.59,3.34,0,15.23,0.23,0.94,1.68,2467
"561",83.08,1.54,0,13.5,0,0,1.88,2468
"562",84.54,3.24,0.25,7.04,0.07,2.17,2.69,2472
"563",84.08,2.51,0.32,9.57,0,0.75,2.76,2474
"564",87.91,1.4,0.17,7.79,0,0.33,2.41,2476
"565",82.8,1.81,0.12,12.36,0,0.88,2.03,2478
"566",85.77,1.75,0,8.79,0.16,0.9,2.63,2481
"567",84.89,1.26,0.15,11.61,0,0.77,1.32,2482
"568",89.49,1.44,0,6.36,0,0.7,2.02,2492
"569",84.23,2.25,0,10.72,0,0.51,2.29,2493
"570",85.42,1.32,0,10.84,0,0.04,2.38,2494
"571",95.71,2.28,0.22,0.33,0,0.72,0.73,2532
"572",89.82,0.88,0,0.88,0,7.46,0.96,2534
"573",80.67,0.47,12.86,0.16,0,0.55,5.3,2535
"574",88.52,3.86,0.24,2.01,0,1.84,3.53,2536
"575",95.83,0.52,0,1.37,0,0.3,1.97,2537
"576",98.61,1.29,0,0,0,0,0.09,2538
"577",96.61,1.5,0,0.34,0,0,1.55,2539
"578",91.06,1.64,0.57,4.76,0,0.6,1.38,2540
"579",65.28,4.85,5.8,0.17,0.26,1.82,21.82,2542
"580",98.51,0.27,0,0.95,0,0.27,0,2543
"581",100,0,0,0,0,0,0,2553
"582",88.05,5.9,0.01,1.12,0,1.78,3.14,2554
"583",97.09,0.91,0,1.05,0,0.14,0.81,2556
"584",86.13,7.76,0.28,3.7,0,2.13,0,2557
"585",79.25,3.83,0,0,0,16.92,0,2558
"586",92.95,2.64,0,1.73,0,1.16,1.53,2559
"587",100,0,0,0,0,0,0,2561
"588",99.05,0,0,0.71,0,0,0.24,2562
"589",95.84,0.32,0,1.27,0,1.6,0.97,2563
"590",95.54,0,0,0.52,0,2.1,1.84,2564
"591",94.72,1.48,0,0.4,0,1.8,1.6,2568
"592",87.77,3.11,0,0.71,0,4.81,3.6,2571
"593",97.49,1.1,0,0.38,0,1.03,0,2575
"594",91.94,1.04,0,3.05,0.41,2.37,1.19,2576
"595",NA,NA,NA,NA,NA,NA,NA,2584
"596",79.41,8.72,2.01,1.52,0,4.73,3.61,2601
"597",99.24,0.43,0,0,0,0,0.33,2630
"598",97.66,1.22,0.15,0.24,0,0.17,0.57,2631
"599",96.72,0.43,0.27,1.04,0,0.55,0.99,2632
"600",90.1,7.57,0,0.62,0,0.47,1.24,2633
"601",98.66,0.45,0,0.57,0,0.33,0,2635
"602",76.19,0,0,23.81,0,0,0,2637
"603",98.87,0,0.42,0.24,0,0.48,0,2638
"604",95.76,0,0,0.51,0,0,3.73,2639
"605",100,0,0,0,0,0,0,2641
"606",96.85,0.24,0.43,2.38,0,0,0.1,2642
"607",100,0,0,0,0,0,0,2643
"608",99.26,0.09,0,0.38,0,0.27,0,2644
"609",93.83,1.1,0.08,1.02,0,2.71,1.25,2645
"610",90.75,0.21,0,7.4,0,0,1.64,2646
"611",100,0,0,0,0,0,0,2647
"612",94.78,1.81,0,0.23,0,1.17,2,2648
"613",92.16,2.3,2.06,0.32,0,0.94,2.21,2649
"614",96.64,3.36,0,0,0,0,0,2650
"615",100,0,0,0,0,0,0,2651
"616",100,0,0,0,0,0,0,2652
"617",98.68,0,0,0.4,0,0,0.92,2653
"618",96.09,1.5,0,0,0,1.85,0.56,2655
"619",88.09,4.89,0,0.84,0,1.35,4.82,2657
"620",97.85,0.48,0,0,0,0,1.67,2659
"621",88.68,7.24,0.55,0.22,0,0.93,2.38,2660
"622",100,0,0,0,0,0,0,2663
"623",94.26,2.32,0,1.61,0,0.16,1.65,2664
"624",96.15,0,3.85,0,0,0,0,2666
"625",94.02,1.38,0,0,0,0.59,4.01,2667
"626",96.12,0,0,0.54,0,0.87,2.47,2668
"627",100,0,0,0,0,0,0,2669
"628",96.77,1,0,0,0,0,2.23,2670
"629",96.92,0,0,0,0,0,3.08,2671
"630",100,0,0,0,0,0,0,2672
"631",93.28,3.72,0.43,1.05,0,0.23,1.3,2673
"632",95.67,0.78,0,1.22,0,0.27,2.06,2675
"633",97.5,0.35,0,0,0,0.55,1.6,2702
"634",87.57,4.43,0.18,4.54,0.12,1.08,2.08,2703
"635",100,0,0,0,0,0,0,2713
"636",95.15,0,1.31,0.16,0,0,3.38,2715
"637",95.68,0.37,0,0.09,0,2.5,1.35,2717
"638",92.31,5.4,0,0.83,0,0.24,1.23,2718
"639",94.8,0.16,0.06,2.94,0,0.76,1.28,2719
"640",89.05,3.58,0,1.83,0.29,3.21,2.05,2720
"641",87.63,2.67,0.21,2.17,0,4.72,2.6,2721
"642",83.59,5.42,0.17,1.83,0,3.18,5.82,2723
"643",86.49,3.7,0.26,3.7,0,2.57,3.27,2724
"644",95.88,0,0,1.07,0,1.29,1.77,2725
"645",96.59,1,0,0.76,0,0.07,1.58,2726
"646",91.56,0.65,0,2.67,0,3.97,1.16,2738
"647",98.5,0.44,0.16,0.71,0,0,0.18,2739
"648",70.24,8.99,0.67,1.17,0,13.61,5.31,2740
"649",96.2,0.02,0,0.33,0,2.13,1.32,2743
"650",77.76,6.23,0,2,0.09,7.44,6.49,2744
"651",89.98,3.45,0.24,0.41,0,2.53,3.4,2745
"652",66.57,10.25,0.59,1.11,0,16.71,4.77,2746
"653",91.93,3.35,0,1.47,0,0.94,2.31,2747
"654",92.3,0.67,0,2.87,0.35,0.49,3.32,2748
"655",92.76,2.27,0.05,3.5,0,0.23,1.2,2760
"656",93.63,0.15,0.4,3.49,0,1.8,0.52,2762
"657",98.53,0.06,0,0,0,0.67,0.73,2763
"658",98.52,0.1,0,0,0,0.05,1.32,2764
"659",92.74,2.34,0.07,2.67,0,0.19,2,2766
"660",88.3,3.67,0,3.64,0,0.16,4.23,2767
"661",98.64,0.17,0.11,0.55,0,0,0.53,2769
"662",93.78,0.51,0,1.91,0,0.02,3.77,2770
"663",95.99,1.13,0.04,1.88,0.43,0.44,0.1,2771
"664",96.9,0.3,0,0.51,0,0.32,1.97,2777
"665",97.41,0.62,0,0,0,0.03,1.94,2779
"666",89.01,5.14,0.39,1.01,0,2.31,2.14,2780
"667",97.86,0.41,0.04,0.28,0,0.06,1.35,2790
"668",100,0,0,0,0,0,0,2791
"669",100,0,0,0,0,0,0,2802
"670",98.14,0,0,1.86,0,0,0,2804
"671",92.99,0.69,0,2.64,0,0.01,3.67,2806
"672",98.33,0.72,0,0,0,0.96,0,2807
"673",85.92,6.31,2.09,0,0,2.91,2.77,2808
"674",96.33,0.46,0.32,1.26,0.11,0.32,1.21,2809
"675",95.89,0,0,2.95,0,0,1.17,2812
"676",95.58,0,1.41,0,0,0.49,2.53,2813
"677",98.09,0.13,0,0.12,0,0.71,0.95,2814
"678",72.5,0,0,0,0,6.5,21,2815
"679",97.87,0.1,0.05,0.55,0.05,0.39,0.98,2816
"680",91.77,1.61,0.29,3.74,0,0.29,2.29,2817
"681",94.82,1.64,0.11,1.65,0,0.04,1.74,2818
"682",93.24,1.24,0.45,3.62,0,1.24,0.22,2822
"683",95.87,1.17,0,0,0,0.15,2.81,2825
"684",100,0,0,0,0,0,0,2826
"685",97.63,0,0,2.37,0,0,0,2827
"686",95.85,2,0,1.07,0,0.01,1.07,2828
"687",97.95,0.6,0,0.44,0,0.19,0.82,2830
"688",99.04,0.06,0.54,0,0,0.35,0,2831
"689",94.81,2.41,1.24,0.53,0,0.84,0.17,2832
"690",96.3,0,0,0,0,3.7,0,2833
"691",95.21,0.42,0.76,0,0,0,3.61,2835
"692",100,0,0,0,0,0,0,2836
"693",97.42,0.89,0,0.32,0,0.6,0.77,2837
"694",86.69,10.15,0.14,0.94,0,0,2.07,2838
"695",100,0,0,0,0,0,0,2839
"696",85.75,6.11,0.35,0.95,0,3.09,3.75,2840
"697",83.11,5.72,0.09,4.41,0,1.13,5.53,2841
"698",81.91,6.96,0.12,4.47,0.11,1.09,5.34,2842
"699",93.27,1.63,0.17,3.14,0,0.63,1.16,2852
"700",98.44,0.02,0,0.09,0,0.12,1.32,2857
"701",100,0,0,0,0,0,0,2858
"702",94.09,0.52,0.4,2.05,0,0.89,2.05,2859
"703",55.41,23.78,0.17,1.94,0.02,13.46,5.23,2860
"704",80.02,7.76,0.08,0.81,0.22,8.45,2.65,2861
"705",59.28,18.7,0.07,0.03,0,18.78,3.14,2863
"706",93.63,1.24,0.12,2.39,0,1.29,1.33,2864
"707",90.66,3.07,0.15,1.85,0,0.99,3.28,2865
"708",94.68,1.31,0.12,1.61,0.41,0.08,1.8,2871
"709",100,0,0,0,0,0,0,2872
"710",100,0,0,0,0,0,0,2873
"711",96.68,0.56,0,0.92,0,0.36,1.48,2874
"712",92.52,0,0,0,0,0,7.48,2875
"713",100,0,0,0,0,0,0,2876
"714",97.87,0.54,0.09,0.3,0,0,1.2,2878
"715",92.51,1.86,2.5,1.43,0,0.45,1.25,2879
"716",84.36,5.47,0,4.66,0,2.29,3.22,2881
"717",96.79,0.49,0.41,0.43,0.04,0.6,1.25,2882
"718",98.16,0.11,0,0.35,0,0.14,1.24,2885
"719",91.5,0.59,0.05,4.23,0,1.43,2.19,2886
"720",89.4,1.83,0,3.68,0,3.18,1.91,2888
"721",93.92,1.92,0.24,1.56,0,0.77,1.59,2889
"722",94.75,0.8,0.3,2,0,0.35,1.8,2891
"723",90.65,0.56,1.62,2.04,0,5.12,0,2892
"724",89.56,3.14,0.15,2.98,0,2.3,1.87,2893
"725",100,0,0,0,0,0,0,2894
"726",81.49,6.61,0.28,5.75,0,2.96,2.91,2895
"727",96.16,0.28,0.15,1.5,0,0.41,1.49,2896
"728",96.67,0.49,1.62,0,0,1.22,0,2898
"729",66.45,10.19,1.09,10.04,0.04,7.62,4.57,2903
"730",70.53,14.57,0.19,2.05,0,8.71,3.95,2904
"731",49.15,17.08,0.82,4.43,0.07,24.43,4.02,2905
"732",79.33,6.68,0.39,8.16,0.1,2.19,3.15,2906
"733",31.37,21.51,0.96,8.71,0.12,34.44,2.89,2907
"734",54.66,21,1.14,4.62,0.05,14.92,3.6,2908
"735",38.01,12,1.26,7.59,0.03,37.15,3.96,2909
"736",81.16,4.55,0.13,7.56,0.05,4.04,2.5,2910
"737",86.34,8.76,1.19,0.82,0.03,1.46,1.4,2911
"738",71.41,15.19,0,7.35,1.84,0.59,3.62,2912
"739",78.38,7.32,0.05,1.69,0,5.14,7.42,2914
"740",91.16,2.2,0.26,2.05,0,1.02,3.31,2915
"741",90.61,5.59,0,1.36,0,0.2,2.25,2916
"742",93.2,1.81,0.43,2.38,0.11,0.92,1.16,2917
"743",87.7,2.18,0.63,5.27,0,1.27,2.94,2919
"744",80.79,5.56,1.34,3.85,0,5.53,2.93,2920
"745",93.68,0.74,0.46,3.15,0,1.52,0.45,2921
"746",93.57,0.35,0.35,2.2,0,0.84,2.69,3031
"747",96.2,0.3,0.46,0.42,0,0.34,2.29,3032
"748",97.05,0.06,1.06,0.84,0,0,1,3033
"749",97.25,0,0,1.87,0,0,0.88,3034
"750",96.81,0.58,0,0.19,0,0.23,2.19,3036
"751",99.69,0.14,0,0.16,0,0,0,3037
"752",94.82,1.89,0.1,1.8,0,0.38,1.01,3038
"753",98.11,0,0,0,0,0,1.89,3042
"754",97.03,0.58,0,0.65,0,1.03,0.71,3043
"755",96.57,0.93,0,0.93,0,1.14,0.42,3044
"756",96.86,1.61,0.15,0.18,0,0.39,0.82,3045
"757",94.2,0.22,0.36,1.19,0,1.01,3.03,3046
"758",93.98,0.07,0.33,1.74,0,0.67,3.21,3047
"759",96.7,0,0,0.46,0,0.34,2.5,3048
"760",97.64,0.26,0.12,1.08,0,0,0.91,3049
"761",94.67,1.27,0,2.99,0,0.17,0.9,3051
"762",97.67,0.54,0,0.63,0,0,1.16,3052
"763",96.46,0.63,0.24,1.62,0,0.49,0.55,3053
"764",95.69,0.27,0.11,1.77,0,0.93,1.22,3054
"765",93.15,0.88,0.72,2.28,0,2.05,0.92,3055
"766",98.78,0,0,0.59,0,0,0.63,3057
"767",83.67,3.67,0.03,4.96,0,3.67,4.01,3060
"768",84.55,1.24,0.1,11.47,0,0.64,2.01,3062
"769",88.13,0.73,0.09,6.56,0,3.51,0.97,3063
"770",87.92,2.59,0.58,2.48,0,2.47,3.94,3064
"771",96.28,0.47,0.53,0.21,0,0.3,2.21,3070
"772",97.67,0,0,0,0,0,2.33,3071
"773",95.84,0.62,0,0.37,0.5,0.6,2.06,3076
"774",96.89,0.72,0.3,1,0,0,1.09,3077
"775",93.32,0.85,0.04,2.74,0.11,0.77,2.17,3079
"776",96.11,0.26,0,1.06,0.46,0,2.11,3082
"777",98.5,0,0,0.31,0,0,1.18,3084
"778",97.56,0.45,0,0.66,0.21,0,1.13,3086
"779",94.01,0.26,0.19,4.28,0,0,1.26,3087
"780",80.71,7.86,0.41,2.93,0,2.72,5.37,3101
"781",89.28,3.71,0.13,3.07,0,0.95,2.88,3102
"782",82.29,6.45,0.02,4.6,0.03,4.33,2.28,3103
"783",88.06,4.38,0.25,4.84,0,1.11,1.36,3104
"784",96.14,0.62,0.03,1.89,0,0.16,1.17,3106
"785",91.07,0.39,0,5.34,0.09,0.22,2.88,3109
"786",94.51,2.76,0.08,2.02,0,0,0.63,3110
"787",100,0,0,0,0,0,0,3215
"788",96.21,0.33,0,0.42,0,0,3.04,3216
"789",98.89,0,0,0.17,0,0,0.95,3217
"790",100,0,0,0,0,0,0,3218
"791",92.05,3.93,0.2,1.46,0,0.5,1.85,3220
"792",96.28,0.15,0.1,1.74,0,0,1.74,3221
"793",97.1,0.51,0.25,1,0,0.07,1.07,3222
"794",96.19,0.3,0.89,0.89,0,0,1.74,3223
"795",99.69,0.13,0,0.17,0,0,0,3224
"796",96.19,0,0,0,0,0,3.81,3225
"797",97.59,0,0,1.61,0,0,0.8,3226
"798",98.27,0.96,0,0,0,0.77,0,3227
"799",97.69,0.29,0,0.77,0,0,1.25,3229
"800",98.54,0.22,0.15,0,0,0.22,0.88,3230
"801",93.61,0,0,0,0,0,6.39,3231
"802",100,0,0,0,0,0,0,3233
"803",98.8,0,0.11,0,0,0,1.09,3234
"804",95.15,1.57,0,1.88,0,0.33,1.07,3235
"805",98.52,0,0,0.84,0,0,0.65,3237
"806",100,0,0,0,0,0,0,3238
"807",96.81,0,0,0.38,0,0,2.81,3240
"808",98.45,0.36,0,0.95,0,0,0.24,3241
"809",97.84,1.37,0.27,0.15,0,0.25,0.12,3242
"810",98.92,0,0.75,0,0,0,0.33,3243
"811",96.9,0.1,0.18,0.46,0,0.03,2.34,3244
"812",97.37,1.14,0,0,0,0,1.49,3245
"813",96.3,0.07,0.42,1.41,0,0.44,1.36,3246
"814",97.58,0.62,0,1.26,0,0,0.55,3249
"815",96.28,0,0,3.32,0,0,0.4,3251
"816",98.14,0.4,0,1.35,0,0,0.11,3253
"817",97.29,0.02,2.68,0,0,0,0,3254
"818",97.66,0,0,0,0,0,2.34,3255
"819",94.93,0.31,0,1.88,0,0,2.88,3256
"820",96.4,1.27,0.26,0.55,0,0.35,1.18,3257
"821",97.58,0,0.12,0,0,0,2.3,3258
"822",100,0,0,0,0,0,0,3259
"823",91.18,0,0,3.85,1.37,0,3.6,3260
"824",95.86,0.54,0,1.43,0,0,2.16,3261
"825",98.02,0,0,0.81,0,0,1.17,3262
"826",93.93,1.78,0,3.02,0,0,1.27,3263
"827",92.61,0.52,0.11,1.9,0,1.26,3.6,3264
"828",96.28,0.22,0.36,1.16,0,0.4,1.57,3266
"829",94.52,0.77,0,0,0,0,4.71,3268
"830",100,0,0,0,0,0,0,3269
"831",92.11,0.36,0,1.79,2.15,0,3.58,3273
"832",97.39,0.16,0.23,0.43,0,0.66,1.14,3275
"833",95.18,0.26,0,2.79,0,0.39,1.38,3276
"834",98.73,0,0.37,0,0,0,0.9,3278
"835",99.08,0,0.31,0.46,0,0,0.15,3279
"836",97.49,0,0,0,0,0,2.51,3280
"837",97.55,0.18,0.4,0,0,0.25,1.62,3281
"838",95.56,1,0.56,0.89,0,0,2,3282
"839",98.33,0,0,0.96,0,0,0.7,3284
"840",97.09,0.97,0.12,0.16,0,0.53,1.13,3285
"841",95.02,0,0,1.71,0,0,3.27,3287
"842",97.26,1.14,0,0,0,0,1.6,3290
"843",100,0,0,0,0,0,0,3291
"844",100,0,0,0,0,0,0,3293
"845",92.19,2.17,0.2,3.38,0,0.53,1.53,3301
"846",94.88,2.66,0.13,0.3,0,0.13,1.89,3303
"847",97.73,0,0,0.95,0.18,0,1.14,3304
"848",96.69,0.15,0,0,0,0,3.16,3307
"849",95.96,0.75,0.13,1.61,0,0.24,1.31,3431
"850",97.46,0.72,0,0,0,0.27,1.55,3440
"851",100,0,0,0,0,0,0,3441
"852",95.32,0.2,0,0,0,0,4.48,3442
"853",92.37,0,0,0,0,7.63,0,3443
"854",98.09,0,1.61,0.3,0,0,0,3444
"855",100,0,0,0,0,0,0,3445
"856",95.45,0,0,2.66,0,1.89,0,3446
"857",93.88,0.55,0.39,0.78,0,0,4.4,3447
"858",95.77,0,0,2.27,0,0,1.96,3448
"859",97.6,0.39,0.17,0.78,0,0.45,0.61,3449
"860",96.16,1.4,0,0,0,1.51,0.93,3450
"861",96.27,0.92,0,0.22,0,0.25,2.34,3451
"862",98.57,0,0.28,0.24,0,0,0.92,3452
"863",95.99,2.03,0,0.1,0,0.42,1.46,3455
"864",99.1,0.38,0,0,0,0,0.51,3456
"865",98.56,0,0,0.29,0,0,1.15,3457
"866",95.58,0.46,0,2.7,0.03,0.03,1.2,3458
"867",93.08,2.81,0.22,1.85,0,0.05,2,3461
"868",97.55,0,0,1.14,0,0,1.3,3462
"869",96.68,2.56,0,0,0,0,0.76,3464
"870",96.8,0,0,1.25,0,0,1.95,3465
"871",95.83,0,1.91,0,2.25,0,0,3466
"872",97.19,0.21,0,1.61,0,0.83,0.16,3467
"873",95.88,0.11,1.35,0.54,0,0.21,1.91,3470
"874",96.15,0.72,0,0.79,0,0.17,2.17,3561
"875",96.01,0.84,0.61,0.24,0,0.98,1.31,3570
"876",94.58,0,0,0,0,0,5.42,3574
"877",100,0,0,0,0,0,0,3575
"878",97.01,0.27,0.7,0,0,0,2.01,3576
"879",97.61,0,0,0,0,0,2.39,3579
"880",96.77,0.66,0.2,0,0,0.79,1.58,3580
"881",98.43,0,0.69,0,0,0,0.88,3581
"882",97.72,0.28,0.79,0,0,0,1.22,3582
"883",98.26,0,0.58,1.16,0,0,0,3583
"884",96.99,1.09,0,0,0,1.34,0.57,3584
"885",96.68,0,0,0.35,0,0.12,2.85,3585
"886",100,0,0,0,0,0,0,3586
"887",95.37,0.24,0,0,0,0.18,4.2,3588
"888",96.11,3.28,0,0,0,0,0.61,3590
"889",98.23,0.38,0.54,0,0,0,0.85,3592
"890",94.34,0,0.22,5.45,0,0,0,3593
"891",96.9,0,0,3.1,0,0,0,3595
"892",100,0,0,0,0,0,0,3597
"893",95.83,1.06,0.22,0.32,0,0,2.56,3598
"894",98.01,0,0,1.99,0,0,0,3601
"895",97.39,0.18,0.14,0.54,0,0.69,1.05,3602
"896",95.4,1.58,0,0.23,0,0,2.8,3603
"897",100,0,0,0,0,0,0,3604
"898",98.07,0,0,0.42,0,0,1.51,3605
"899",96.59,0,0,2.73,0,0,0.68,3607
"900",93.32,0,0,2.39,0,1.95,2.34,3608
"901",93.64,0,1.1,0,0,0,5.26,3609
"902",97.72,0,0,1.07,0,0.54,0.67,3740
"903",97.77,0,0,0.14,0,0,2.09,3741
"904",97.94,0.29,0,0.17,0.05,0.38,1.17,3743
"905",93.84,0,0.82,1.5,0,0,3.83,3745
"906",93.42,0,3.95,0,0,0,2.63,3746
"907",97.99,1.14,0.35,0.22,0,0.2,0.11,3748
"908",96.63,0,0,2.55,0,0,0.82,3750
"909",98.04,0,1.96,0,0,0,0,3751
"910",94.37,0.55,1.24,0,0,0,3.85,3752
"911",97.3,0.47,0,1.38,0,0.61,0.24,3753
"912",NA,NA,NA,NA,NA,NA,NA,3754
"913",84.86,2.91,0.35,9.22,0,0.88,1.77,3755
"914",100,0,0,0,0,0,0,3765
"915",87.19,0.59,0.17,8.94,0,0.38,2.74,3766
"916",95.46,0.15,0.36,1.39,0,0,2.63,3768
"917",76.52,3.03,0,2.08,0,11.36,7.01,3770
"918",89.27,1.48,0,0,0,0,9.25,3771
"919",96.74,0,0.62,1.23,0.21,0,1.21,3773
"920",97.35,0.29,1.73,0.29,0,0,0.35,3774
"921",97.94,0,0.76,0.28,0,0,1.03,3777
"922",97.92,0.49,0.37,1.22,0,0,0,3779
"923",87.46,0,0,12.54,0,0,0,3780
"924",98.75,0,0,0.3,0,0,0.95,3781
"925",92.41,0,0,1.07,0,3.13,3.39,3782
"926",82.73,0.35,4.05,8.27,0,0,4.59,3784
"927",96.07,0.35,0.16,0.04,0,1.25,2.14,3785
"928",91.07,2.21,0.22,3.65,0.03,0.98,1.84,3801
"929",94.19,1.97,1.71,0.91,0,0,1.23,3809
"930",94.57,0,0,3.18,0,0,2.25,3810
"931",97.68,0,0.35,0,0,1.33,0.63,3811
"932",99.51,0.49,0,0,0,0,0,3812
"933",94.67,0.6,0.32,0.7,0,0,3.71,3813
"934",97.25,0,0,0,0,0,2.75,3814
"935",99.3,0,0,0,0,0.42,0.28,3816
"936",97.26,0,0,0,0,0,2.74,3817
"937",95.89,0.94,0,1.27,0,0,1.9,3818
"938",98.44,0,0,0,0,0.27,1.29,3819
"939",91.85,1.08,0.35,3.96,0,0.03,2.74,3820
"940",86.18,0.39,0.15,9.98,0,0.44,2.85,3823
"941",90.98,0.65,0.14,5,0,0.48,2.76,3824
"942",99.16,0,0.06,0.13,0,0.28,0.37,3825
"943",97.12,0,0,0.75,0,0.34,1.8,3826
"944",97.49,0,0.09,1.58,0,0,0.84,3827
"945",98.65,0,1.35,0,0,0,0,3830
"946",98.09,0,0,1.64,0,0,0.27,3832
"947",96.56,0.94,0.15,0.71,0,0.49,1.15,3833
"948",98.01,0,0,1.04,0,0,0.94,3835
"949",96.83,0.42,0,0.33,0,0,2.42,3836
"950",95.61,0,0,3.09,0,1.3,0,3837
"951",100,0,0,0,0,0,0,3838
"952",95.21,1.19,0,0,0,0,3.61,3839
"953",97.06,0.03,0,2.91,0,0,0,3840
"954",96.89,0.31,0,0.8,0,0.34,1.65,3841
"955",94.68,0.8,0,3.49,0,0,1.03,3842
"956",94.4,0,0.56,2.11,0,0,2.93,3844
"957",100,0,0,0,0,0,0,3845
"958",93.29,0,1.94,3.89,0,0,0.87,3846
"959",100,0,0,0,0,0,0,3847
"960",96.83,0,2.67,0.17,0,0,0.33,3848
"961",98.77,1.23,0,0,0,0,0,3849
"962",100,0,0,0,0,0,0,3850
"963",99.67,0,0.2,0,0,0,0.13,3851
"964",94.37,0,0,0,0,0,5.63,3852
"965",99.59,0.41,0,0,0,0,0,3853
"966",97.53,0,0,1.83,0,0,0.65,3854
"967",99.96,0,0,0,0,0,0.04,3855
"968",98.65,0,0,0.12,0,0.37,0.86,3856
"969",89.96,2.23,0.16,5.72,0,0.09,1.84,3857
"970",99.25,0.39,0,0.17,0,0,0.19,3858
"971",96.82,0.05,0,0.96,0,0,2.17,3860
"972",96.85,0.02,0,2.97,0,0,0.16,3861
"973",97.18,1.02,0,0.97,0,0,0.83,3862
"974",99.53,0.13,0,0,0,0.2,0.13,3864
"975",99.19,0.03,0,0.42,0,0.13,0.24,3865
"976",94.89,0.67,0.16,1.01,0,1.15,2.12,3867
"977",97.51,0.87,0.16,0.13,0,0,1.33,3868
"978",96.09,0.88,0.04,1.16,0,0.24,1.6,3869
"979",99.77,0,0,0,0,0,0.23,3870
"980",100,0,0,0,0,0,0,3871
"981",96.05,0.11,0.17,0.76,0,0,2.91,3872
"982",97.82,0.27,0,0,0,0.36,1.54,3873
"983",95.86,0.09,0.14,2.48,0,0.89,0.54,3874
"984",97.86,0,0,0,0,0,2.14,3875
"985",86.41,2.89,0.03,5.13,0,1.88,3.65,3878
"986",99.64,0.36,0,0,0,0,0,3882
"987",100,0,0,0,0,0,0,3883
"988",95.85,0.85,0,0,0,1.68,1.63,3884
"989",97.6,0.01,0,0.52,0,0,1.86,3885
"990",99.32,0.68,0,0,0,0,0,3886
"991",98.79,0.3,0.15,0,0,0,0.75,3887
"992",100,0,0,0,0,0,0,3890
"993",97.68,0.02,0,0.77,0,0,1.54,3894
"994",94.8,0.98,0,0.53,0,0,3.69,3901
"995",97.85,0.15,0,0,0,2,0,3902
"996",96.55,0.85,0.74,0.18,0,0,1.68,3903
"997",93.2,2.49,0.39,2.76,0,1.15,0.01,3904
"998",100,0,0,0,0,0,0,3905
"999",97.61,0.85,0,0.46,0,0,1.09,3906
"1000",100,0,0,0,0,0,0,3907
"1001",97.61,0.18,0,0,0,1.34,0.87,3908
"1002",98.87,0,0,0.86,0,0,0.27,3909
"1003",100,0,0,0,0,0,0,3910
"1004",100,0,0,0,0,0,0,3911
"1005",96.28,0,0,0,0,0.2,3.52,4001
"1006",97.58,0.23,0.09,0.16,0,0,1.94,4002
